FollowBall,1476994554978,458.273469130824,597.692679738562
FollowBall,1476994555009,458.057802464158,597.692679738562
FollowBall,1476994555041,457.842135797491,597.692679738562
FollowBall,1476994555072,457.626469130824,597.692679738562
FollowBall,1476994555103,457.410802464158,597.692679738562
FollowBall,1476994555134,457.195135797491,597.692679738562
FollowBall,1476994555166,456.979469130824,597.692679738562
FollowBall,1476994555197,456.763802464158,597.692679738562
FollowBall,1476994555228,456.548135797491,597.692679738562
FollowBall,1476994555259,456.332469130824,597.692679738562
FollowBall,1476994555291,456.116802464158,597.692679738562
FollowBall,1476994555322,455.901135797491,597.692679738562
FollowBall,1476994555353,455.685469130824,597.692679738562
FollowBall,1476994555384,455.469802464158,597.692679738562
FollowBall,1476994555416,455.254135797491,597.692679738562
FollowBall,1476994555447,455.038469130824,597.692679738562
FollowBall,1476994555478,454.822802464158,597.692679738562
FollowBall,1476994555509,454.607135797491,597.692679738562
FollowBall,1476994555541,454.391469130824,597.692679738562
FollowBall,1476994555572,454.175802464158,597.692679738562
FollowBall,1476994555603,453.960135797491,597.692679738562
FollowBall,1476994555634,453.744469130824,597.692679738562
FollowBall,1476994555666,453.528802464158,597.692679738562
FollowBall,1476994555697,453.313135797491,597.692679738562
FollowBall,1476994555728,453.097469130824,597.692679738562
FollowBall,1476994555759,452.881802464158,597.692679738562
FollowBall,1476994555791,452.666135797491,597.692679738562
FollowBall,1476994555822,452.450469130824,597.692679738562
FollowBall,1476994555853,452.234802464158,597.692679738562
FollowBall,1476994555884,452.019135797491,597.692679738562
FollowBall,1476994555916,451.803469130824,597.692679738562
FollowBall,1476994555947,451.587802464158,597.692679738562
FollowBall,1476994555978,451.372135797491,597.692679738562
FollowBall,1476994556009,451.156469130824,597.692679738562
FollowBall,1476994556041,450.940802464158,597.692679738562
FollowBall,1476994556072,450.725135797491,597.692679738562
FollowBall,1476994556103,450.509469130824,597.692679738562
FollowBall,1476994556134,450.293802464158,597.692679738562
FollowBall,1476994556166,450.078135797491,597.692679738562
FollowBall,1476994556197,449.862469130824,597.692679738562
FollowBall,1476994556228,449.646802464158,597.692679738562
FollowBall,1476994556259,449.431135797491,597.692679738562
FollowBall,1476994556291,449.215469130824,597.692679738562
FollowBall,1476994556322,448.999802464158,597.692679738562
FollowBall,1476994556353,448.784135797491,597.692679738562
FollowBall,1476994556384,448.568469130824,597.692679738562
FollowBall,1476994556416,448.352802464158,597.692679738562
FollowBall,1476994556447,448.137135797491,597.692679738562
FollowBall,1476994556478,447.921469130824,597.692679738562
FollowBall,1476994556509,447.705802464158,597.692679738562
FollowBall,1476994556541,447.490135797491,597.692679738562
FollowBall,1476994556572,447.274469130824,597.692679738562
FollowBall,1476994556603,447.058802464158,597.692679738562
FollowBall,1476994556634,446.843135797491,597.692679738562
FollowBall,1476994556666,446.627469130824,597.692679738562
FollowBall,1476994556697,446.411802464158,597.692679738562
FollowBall,1476994556728,446.196135797491,597.692679738562
FollowBall,1476994556760,445.980469130824,597.692679738562
FollowBall,1476994556791,445.764802464158,597.692679738562
FollowBall,1476994556823,445.549135797491,597.692679738562
FollowBall,1476994556854,445.333469130824,597.692679738562
FollowBall,1476994556885,445.117802464158,597.692679738562
FollowBall,1476994556916,444.902135797491,597.692679738562
FollowBall,1476994556948,444.686469130824,597.692679738562
FollowBall,1476994556979,444.470802464158,597.692679738562
FollowBall,1476994557010,444.255135797491,597.692679738562
FollowBall,1476994557041,444.039469130824,597.692679738562
FollowBall,1476994557073,443.823802464158,597.692679738562
FollowBall,1476994557104,443.608135797491,597.692679738562
FollowBall,1476994557135,443.392469130824,597.692679738562
FollowBall,1476994557166,443.176802464158,597.692679738562
FollowBall,1476994557198,442.961135797491,597.692679738562
FollowBall,1476994557229,442.745469130824,597.692679738562
FollowBall,1476994557260,442.529802464158,597.692679738562
FollowBall,1476994557291,442.314135797491,597.692679738562
FollowBall,1476994557323,442.098469130824,597.692679738562
FollowBall,1476994557354,441.882802464158,597.692679738562
FollowBall,1476994557385,441.667135797491,597.692679738562
FollowBall,1476994557416,441.451469130824,597.692679738562
FollowBall,1476994557448,441.235802464158,597.692679738562
FollowBall,1476994557479,441.020135797491,597.692679738562
FollowBall,1476994557510,440.804469130824,597.692679738562
FollowBall,1476994557541,440.588802464158,597.692679738562
FollowBall,1476994557573,440.373135797491,597.692679738562
FollowBall,1476994557604,440.157469130824,597.692679738562
FollowBall,1476994557635,439.941802464158,597.692679738562
FollowBall,1476994557666,439.726135797491,597.692679738562
FollowBall,1476994557698,439.510469130824,597.692679738562
FollowBall,1476994557729,439.294802464158,597.692679738562
FollowBall,1476994557760,439.079135797491,597.692679738562
FollowBall,1476994557791,438.863469130824,597.692679738562
FollowBall,1476994557823,438.647802464158,597.692679738562
FollowBall,1476994557854,438.432135797491,597.692679738562
FollowBall,1476994557885,438.216469130824,597.692679738562
FollowBall,1476994557916,438.000802464158,597.692679738562
FollowBall,1476994557948,437.785135797491,597.692679738562
FollowBall,1476994557979,437.569469130824,597.692679738562
FollowBall,1476994558010,437.353802464158,597.692679738562
FollowBall,1476994558042,437.138135797491,597.692679738562
FollowBall,1476994558073,436.922469130824,597.692679738562
FollowBall,1476994558104,436.706802464158,597.692679738562
FollowBall,1476994558135,436.491135797491,597.692679738562
FollowBall,1476994558167,436.275469130824,597.692679738562
FollowBall,1476994558198,436.059802464158,597.692679738562
FollowBall,1476994558229,435.844135797491,597.692679738562
FollowBall,1476994558260,435.628469130824,597.692679738562
FollowBall,1476994558292,435.412802464158,597.692679738562
FollowBall,1476994558323,435.197135797491,597.692679738562
FollowBall,1476994558339,434.981469130824,597.692679738562
FollowBall,1476994558370,434.765802464158,597.692679738562
FollowBall,1476994558401,434.550135797491,597.692679738562
FollowBall,1476994558433,434.334469130824,597.692679738562
FollowBall,1476994558464,434.118802464158,597.692679738562
FollowBall,1476994558495,433.903135797491,597.692679738562
FollowBall,1476994558526,433.687469130824,597.692679738562
FollowBall,1476994558558,433.471802464158,597.692679738562
FollowBall,1476994558589,433.256135797491,597.692679738562
FollowBall,1476994558620,433.040469130824,597.692679738562
FollowBall,1476994558651,432.824802464158,597.692679738562
FollowBall,1476994558683,432.609135797491,597.692679738562
FollowBall,1476994558714,432.393469130824,597.692679738562
FollowBall,1476994558745,432.177802464158,597.692679738562
FollowBall,1476994558776,431.962135797491,597.692679738562
FollowBall,1476994558808,431.746469130824,597.692679738562
FollowBall,1476994558839,431.530802464158,597.692679738562
FollowBall,1476994558870,431.315135797491,597.692679738562
FollowBall,1476994558902,431.099469130824,597.692679738562
FollowBall,1476994558933,430.883802464158,597.692679738562
FollowBall,1476994558964,430.668135797491,597.692679738562
FollowBall,1476994558995,430.452469130824,597.692679738562
FollowBall,1476994559027,430.236802464158,597.692679738562
FollowBall,1476994559058,430.021135797491,597.692679738562
FollowBall,1476994559089,429.805469130825,597.692679738562
FollowBall,1476994559120,429.589802464158,597.692679738562
FollowBall,1476994559152,429.374135797491,597.692679738562
FollowBall,1476994559183,429.158469130825,597.692679738562
FollowBall,1476994559214,428.942802464158,597.692679738562
FollowBall,1476994559245,428.727135797491,597.692679738562
FollowBall,1476994559277,428.511469130825,597.692679738562
FollowBall,1476994559308,428.295802464158,597.692679738562
FollowBall,1476994559339,428.080135797491,597.692679738562
FollowBall,1476994559370,427.864469130825,597.692679738562
FollowBall,1476994559402,427.648802464158,597.692679738562
FollowBall,1476994559433,427.433135797491,597.692679738562
FollowBall,1476994559464,427.217469130825,597.692679738562
FollowBall,1476994559495,427.001802464158,597.692679738562
FollowBall,1476994559527,426.786135797492,597.692679738562
FollowBall,1476994559558,426.570469130825,597.692679738562
FollowBall,1476994559589,426.354802464158,597.692679738562
FollowBall,1476994559620,426.139135797492,597.692679738562
FollowBall,1476994559652,425.923469130825,597.692679738562
FollowBall,1476994559683,425.707802464158,597.692679738562
FollowBall,1476994559714,425.492135797492,597.692679738562
FollowBall,1476994559745,425.276469130825,597.692679738562
FollowBall,1476994559777,425.060802464158,597.692679738562
FollowBall,1476994559808,424.845135797492,597.692679738562
FollowBall,1476994559839,424.629469130825,597.692679738562
FollowBall,1476994559871,424.413802464158,597.692679738562
FollowBall,1476994559902,424.198135797492,597.692679738562
FollowBall,1476994559933,423.982469130825,597.692679738562
FollowBall,1476994559965,423.766802464159,597.692679738562
FollowBall,1476994559996,423.551135797492,597.692679738562
FollowBall,1476994560027,423.335469130825,597.692679738562
FollowBall,1476994560058,423.119802464159,597.692679738562
FollowBall,1476994560090,422.904135797492,597.692679738562
FollowBall,1476994560121,422.688469130825,597.692679738562
FollowBall,1476994560152,422.472802464159,597.692679738562
FollowBall,1476994560183,422.257135797492,597.692679738562
FollowBall,1476994560215,422.041469130825,597.692679738562
FollowBall,1476994560246,421.825802464159,597.692679738562
FollowBall,1476994560277,421.610135797492,597.692679738562
FollowBall,1476994560308,421.394469130825,597.692679738562
FollowBall,1476994560340,421.178802464159,597.692679738562
FollowBall,1476994560371,420.963135797492,597.269803921569
FollowBall,1476994560402,420.747469130825,595.409150326797
FollowBall,1476994560433,420.531802464159,591.856993464052
FollowBall,1476994560465,420.316135797492,585.344705882353
FollowBall,1476994560496,420.100469130826,579.001568627451
FollowBall,1476994560527,419.884802464159,571.558954248366
FollowBall,1476994560558,419.669135797492,564.962091503268
FollowBall,1476994560590,419.453469130826,557.857777777778
FollowBall,1476994560621,419.237802464159,548.469934640523
FollowBall,1476994560652,419.022135797492,539.843267973856
FollowBall,1476994560683,418.806469130826,539.843267973856
FollowBall,1476994560715,418.590802464159,530.117124183007
FollowBall,1476994560746,418.375135797492,520.898431372549
FollowBall,1476994560777,418.159469130826,510.157385620915
FollowBall,1476994560808,417.943802464159,501.869019607843
FollowBall,1476994560840,417.728135797493,493.580653594771
FollowBall,1476994560871,417.512469130826,485.630588235294
FollowBall,1476994560902,417.296802464159,477.934248366013
FollowBall,1476994560933,417.081135797493,468.800130718954
FollowBall,1476994560965,416.865469130826,464.402222222222
FollowBall,1476994560996,416.649802464159,459.581437908497
FollowBall,1476994561027,416.434135797493,455.944705882353
FollowBall,1476994561059,416.218469130826,452.9
FollowBall,1476994561090,416.002802464159,451.123921568627
FollowBall,1476994561121,415.787135797493,450.531895424837
FollowBall,1476994561152,415.571469130826,450.447320261438
FollowBall,1476994561183,415.355802464159,450.531895424837
FollowBall,1476994561215,415.140135797493,450.531895424837
FollowBall,1476994561246,414.924469130826,450.531895424837
FollowBall,1476994561277,414.708802464159,450.531895424837
FollowBall,1476994561309,414.493135797493,450.531895424837
FollowBall,1476994561340,414.277469130826,450.531895424837
FollowBall,1476994561372,414.06180246416,450.531895424837
FollowBall,1476994561403,413.846135797493,450.531895424837
FollowBall,1476994561434,413.630469130826,450.531895424837
FollowBall,1476994561465,413.41480246416,450.193594771242
FollowBall,1476994561497,413.199135797493,449.601568627451
FollowBall,1476994561528,412.983469130826,448.755816993464
FollowBall,1476994561559,412.76780246416,447.656339869281
FollowBall,1476994561590,412.552135797493,445.880261437909
FollowBall,1476994561622,412.336469130826,444.104183006536
FollowBall,1476994561653,412.12080246416,442.328104575163
FollowBall,1476994561684,411.905135797493,440.467450980392
FollowBall,1476994561715,411.689469130827,438.437647058824
FollowBall,1476994561747,411.47380246416,436.06954248366
FollowBall,1476994561778,411.258135797493,434.12431372549
FollowBall,1476994561809,411.042469130827,432.094509803922
FollowBall,1476994561840,410.82680246416,429.895555555556
FollowBall,1476994561872,410.611135797493,427.527450980392
FollowBall,1476994561903,410.395469130827,425.07477124183
FollowBall,1476994561934,410.17980246416,422.452941176471
FollowBall,1476994561965,409.964135797493,420.000261437908
FollowBall,1476994561997,409.748469130827,417.209281045752
FollowBall,1476994562028,409.53280246416,417.209281045752
FollowBall,1476994562059,409.317135797493,415.094901960784
FollowBall,1476994562090,409.101469130827,412.895947712418
FollowBall,1476994562122,408.88580246416,410.18954248366
FollowBall,1476994562153,408.670135797494,408.413464052288
FollowBall,1476994562184,408.454469130827,406.214509803922
FollowBall,1476994562215,408.23880246416,404.607581699346
FollowBall,1476994562247,408.023135797494,402.662352941176
FollowBall,1476994562278,407.807469130827,401.055424836601
FollowBall,1476994562309,407.59180246416,400.040522875817
FollowBall,1476994562340,407.376135797494,399.19477124183
FollowBall,1476994562372,407.160469130827,399.025620915033
FollowBall,1476994562403,406.94480246416,399.025620915033
FollowBall,1476994562434,406.729135797494,399.110196078431
FollowBall,1476994562465,406.513469130827,399.19477124183
FollowBall,1476994562497,406.29780246416,399.363921568627
FollowBall,1476994562528,406.082135797494,399.617647058824
FollowBall,1476994562559,405.866469130827,401.224575163399
FollowBall,1476994562590,405.650802464161,402.916078431373
FollowBall,1476994562622,405.435135797494,404.269281045752
FollowBall,1476994562653,405.219469130827,406.383660130719
FollowBall,1476994562684,405.003802464161,408.328888888889
FollowBall,1476994562715,404.788135797494,410.358692810458
FollowBall,1476994562747,404.572469130827,412.050196078431
FollowBall,1476994562778,404.356802464161,412.980522875817
FollowBall,1476994562809,404.141135797494,413.572549019608
FollowBall,1476994562840,403.925469130827,413.741699346405
FollowBall,1476994562872,403.709802464161,413.741699346405
FollowBall,1476994562903,403.494135797494,413.741699346405
FollowBall,1476994562935,403.278469130827,413.741699346405
FollowBall,1476994562966,403.062802464161,413.572549019608
FollowBall,1476994562997,402.847135797494,413.487973856209
FollowBall,1476994563028,402.631469130828,413.149673202614
FollowBall,1476994563060,402.415802464161,409.259215686275
FollowBall,1476994563091,402.200135797494,406.721960784314
FollowBall,1476994563122,401.984469130828,404.269281045752
FollowBall,1476994563153,401.768802464161,401.901176470588
FollowBall,1476994563185,401.553135797494,400.801699346405
FollowBall,1476994563216,401.337469130828,399.533071895425
FollowBall,1476994563247,401.121802464161,399.533071895425
FollowBall,1476994563279,400.906135797494,399.533071895425
FollowBall,1476994563310,401.121802464161,399.533071895425
FollowBall,1476994563341,401.337469130828,399.533071895425
FollowBall,1476994563372,401.553135797494,399.533071895425
FollowBall,1476994563404,401.768802464161,399.533071895425
FollowBall,1476994563435,401.984469130828,399.533071895425
FollowBall,1476994563466,402.200135797494,399.533071895425
FollowBall,1476994563497,402.415802464161,399.533071895425
FollowBall,1476994563529,402.631469130828,399.533071895425
FollowBall,1476994563560,402.847135797494,399.533071895425
FollowBall,1476994563591,403.062802464161,399.533071895425
FollowBall,1476994563622,403.278469130827,399.533071895425
FollowBall,1476994563654,403.494135797494,399.533071895425
FollowBall,1476994563685,403.709802464161,399.533071895425
FollowBall,1476994563716,403.925469130827,399.533071895425
FollowBall,1476994563747,404.141135797494,399.533071895425
FollowBall,1476994563779,404.356802464161,399.533071895425
FollowBall,1476994563810,404.572469130827,399.533071895425
FollowBall,1476994563841,404.788135797494,399.533071895425
FollowBall,1476994563872,405.003802464161,399.533071895425
FollowBall,1476994563904,405.219469130827,399.533071895425
FollowBall,1476994563935,405.435135797494,399.533071895425
FollowBall,1476994563966,405.650802464161,399.533071895425
FollowBall,1476994563997,405.866469130827,399.533071895425
FollowBall,1476994564029,406.082135797494,399.533071895425
FollowBall,1476994564060,406.29780246416,399.533071895425
FollowBall,1476994564091,406.513469130827,399.533071895425
FollowBall,1476994564122,406.729135797494,399.533071895425
FollowBall,1476994564154,406.94480246416,399.533071895425
FollowBall,1476994564185,407.160469130827,399.533071895425
FollowBall,1476994564216,407.376135797494,399.533071895425
FollowBall,1476994564247,407.59180246416,399.533071895425
FollowBall,1476994564279,407.807469130827,399.533071895425
FollowBall,1476994564310,408.023135797494,399.533071895425
FollowBall,1476994564341,408.23880246416,399.533071895425
FollowBall,1476994564372,408.454469130827,399.533071895425
FollowBall,1476994564404,408.670135797494,399.533071895425
FollowBall,1476994564435,408.88580246416,399.533071895425
FollowBall,1476994564467,409.101469130827,399.533071895425
FollowBall,1476994564498,409.317135797493,399.533071895425
FollowBall,1476994564529,409.53280246416,399.533071895425
FollowBall,1476994564560,409.748469130827,399.533071895425
FollowBall,1476994564592,409.964135797493,399.533071895425
FollowBall,1476994564623,410.17980246416,399.533071895425
FollowBall,1476994564654,410.395469130827,399.533071895425
FollowBall,1476994564685,410.611135797493,399.533071895425
FollowBall,1476994564717,410.82680246416,399.533071895425
FollowBall,1476994564748,411.042469130827,399.533071895425
FollowBall,1476994564779,411.258135797493,399.533071895425
FollowBall,1476994564810,411.47380246416,399.533071895425
FollowBall,1476994564842,411.689469130827,399.533071895425
FollowBall,1476994564873,411.905135797493,399.533071895425
FollowBall,1476994564904,412.12080246416,399.533071895425
FollowBall,1476994564935,412.336469130826,399.533071895425
FollowBall,1476994564967,412.552135797493,399.533071895425
FollowBall,1476994564998,412.76780246416,399.533071895425
FollowBall,1476994565029,412.983469130826,399.533071895425
FollowBall,1476994565060,413.199135797493,399.533071895425
FollowBall,1476994565092,413.41480246416,399.533071895425
FollowBall,1476994565123,413.630469130826,399.533071895425
FollowBall,1476994565154,413.846135797493,399.533071895425
FollowBall,1476994565185,414.06180246416,399.533071895425
FollowBall,1476994565217,414.277469130826,399.533071895425
FollowBall,1476994565248,414.493135797493,399.533071895425
FollowBall,1476994565279,414.708802464159,399.533071895425
FollowBall,1476994565310,414.924469130826,399.533071895425
FollowBall,1476994565342,415.140135797493,399.533071895425
FollowBall,1476994565373,415.355802464159,399.533071895425
FollowBall,1476994565404,415.571469130826,399.533071895425
FollowBall,1476994565435,415.787135797493,399.533071895425
FollowBall,1476994565467,416.002802464159,399.533071895425
FollowBall,1476994565498,416.218469130826,399.533071895425
FollowBall,1476994565529,416.434135797493,399.533071895425
FollowBall,1476994565561,416.649802464159,399.533071895425
FollowBall,1476994565592,416.865469130826,399.533071895425
FollowBall,1476994565623,417.081135797493,399.533071895425
FollowBall,1476994565654,417.296802464159,399.533071895425
FollowBall,1476994565685,417.512469130826,399.533071895425
FollowBall,1476994565717,417.728135797493,399.533071895425
FollowBall,1476994565748,417.943802464159,399.533071895425
FollowBall,1476994565779,418.159469130826,399.533071895425
FollowBall,1476994565811,418.375135797492,399.533071895425
FollowBall,1476994565842,418.590802464159,399.533071895425
FollowBall,1476994565873,418.806469130826,399.533071895425
FollowBall,1476994565904,419.022135797492,399.533071895425
FollowBall,1476994565936,419.237802464159,399.533071895425
FollowBall,1476994565967,419.453469130826,399.533071895425
FollowBall,1476994565999,419.669135797492,399.533071895425
FollowBall,1476994566030,419.884802464159,399.533071895425
FollowBall,1476994566061,420.100469130826,399.533071895425
FollowBall,1476994566092,420.316135797492,399.533071895425
FollowBall,1476994566124,420.531802464159,399.533071895425
FollowBall,1476994566155,420.747469130825,399.533071895425
FollowBall,1476994566186,420.963135797492,399.533071895425
FollowBall,1476994566217,421.178802464159,399.533071895425
FollowBall,1476994566249,421.394469130825,399.533071895425
FollowBall,1476994566280,421.610135797492,399.533071895425
FollowBall,1476994566311,421.825802464159,399.533071895425
FollowBall,1476994566342,422.041469130825,399.533071895425
FollowBall,1476994566374,422.257135797492,399.533071895425
FollowBall,1476994566405,422.472802464159,399.533071895425
FollowBall,1476994566436,422.688469130825,399.533071895425
FollowBall,1476994566467,422.904135797492,399.533071895425
FollowBall,1476994566499,423.119802464159,399.533071895425
FollowBall,1476994566530,423.335469130825,399.533071895425
FollowBall,1476994566561,423.551135797492,399.533071895425
FollowBall,1476994566592,423.766802464159,399.533071895425
FollowBall,1476994566624,423.982469130825,399.533071895425
FollowBall,1476994566655,424.198135797492,399.533071895425
FollowBall,1476994566686,424.413802464158,399.533071895425
FollowBall,1476994566717,424.629469130825,399.533071895425
FollowBall,1476994566749,424.845135797492,399.533071895425
FollowBall,1476994566780,425.060802464158,399.533071895425
FollowBall,1476994566811,425.276469130825,399.533071895425
FollowBall,1476994566842,425.492135797492,399.533071895425
FollowBall,1476994566874,425.707802464158,399.533071895425
FollowBall,1476994566905,425.923469130825,399.533071895425
FollowBall,1476994566936,426.139135797492,399.533071895425
FollowBall,1476994566967,426.354802464158,399.533071895425
FollowBall,1476994566999,426.570469130825,399.533071895425
FollowBall,1476994567030,426.786135797492,399.533071895425
FollowBall,1476994567061,427.001802464158,399.533071895425
FollowBall,1476994567092,427.217469130825,399.533071895425
FollowBall,1476994567124,427.433135797491,399.533071895425
FollowBall,1476994567155,427.648802464158,399.533071895425
FollowBall,1476994567186,427.864469130825,399.533071895425
FollowBall,1476994567217,428.080135797491,399.533071895425
FollowBall,1476994567249,428.295802464158,399.533071895425
FollowBall,1476994567280,428.511469130825,399.533071895425
FollowBall,1476994567311,428.727135797491,399.533071895425
FollowBall,1476994567342,428.942802464158,399.533071895425
FollowBall,1476994567374,429.158469130825,399.533071895425
FollowBall,1476994567405,429.374135797491,399.533071895425
FollowBall,1476994567437,429.589802464158,399.533071895425
FollowBall,1476994567468,429.805469130825,399.533071895425
FollowBall,1476994567499,430.021135797491,399.533071895425
FollowBall,1476994567531,430.236802464158,399.533071895425
FollowBall,1476994567562,430.452469130824,399.533071895425
FollowBall,1476994567593,430.668135797491,399.533071895425
FollowBall,1476994567624,430.883802464158,399.533071895425
FollowBall,1476994567656,431.099469130824,399.533071895425
FollowBall,1476994567687,431.315135797491,399.533071895425
FollowBall,1476994567718,431.530802464158,399.533071895425
FollowBall,1476994567749,431.746469130824,399.533071895425
FollowBall,1476994567781,431.962135797491,399.533071895425
FollowBall,1476994567812,432.177802464158,399.533071895425
FollowBall,1476994567843,432.393469130824,399.533071895425
FollowBall,1476994567874,432.609135797491,399.533071895425
FollowBall,1476994567906,432.824802464158,399.533071895425
FollowBall,1476994567937,433.040469130824,399.533071895425
FollowBall,1476994567968,433.256135797491,399.533071895425
FollowBall,1476994567999,433.471802464158,399.533071895425
FollowBall,1476994568031,433.687469130824,399.533071895425
FollowBall,1476994568062,433.903135797491,399.533071895425
FollowBall,1476994568093,434.118802464158,399.533071895425
FollowBall,1476994568124,434.334469130824,399.533071895425
FollowBall,1476994568156,434.550135797491,399.533071895425
FollowBall,1476994568187,434.765802464158,399.533071895425
FollowBall,1476994568218,434.981469130824,399.533071895425
FollowBall,1476994568249,435.197135797491,399.533071895425
FollowBall,1476994568281,435.412802464158,399.533071895425
FollowBall,1476994568312,435.628469130824,399.533071895425
FollowBall,1476994568343,435.844135797491,399.533071895425
FollowBall,1476994568374,436.059802464158,399.533071895425
FollowBall,1476994568406,436.275469130824,399.533071895425
FollowBall,1476994568437,436.491135797491,399.533071895425
FollowBall,1476994568468,436.706802464158,399.533071895425
FollowBall,1476994568499,436.922469130824,399.533071895425
FollowBall,1476994568531,437.138135797491,399.533071895425
FollowBall,1476994568562,437.353802464158,399.533071895425
FollowBall,1476994568593,437.569469130824,399.533071895425
FollowBall,1476994568624,437.785135797491,399.533071895425
FollowBall,1476994568656,438.000802464158,399.533071895425
FollowBall,1476994568687,438.216469130824,399.533071895425
FollowBall,1476994568718,438.432135797491,399.533071895425
FollowBall,1476994568749,438.647802464158,399.533071895425
FollowBall,1476994568781,438.863469130824,399.533071895425
FollowBall,1476994568812,439.079135797491,399.533071895425
FollowBall,1476994568843,439.294802464158,399.533071895425
FollowBall,1476994568874,439.510469130824,399.533071895425
FollowBall,1476994568906,439.726135797491,399.533071895425
FollowBall,1476994568937,439.941802464158,399.533071895425
FollowBall,1476994568969,440.157469130824,399.533071895425
FollowBall,1476994569000,440.373135797491,399.533071895425
FollowBall,1476994569031,440.588802464158,399.533071895425
FollowBall,1476994569062,440.804469130824,399.533071895425
FollowBall,1476994569094,441.020135797491,399.533071895425
FollowBall,1476994569125,441.235802464158,399.533071895425
FollowBall,1476994569156,441.451469130824,399.533071895425
FollowBall,1476994569187,441.667135797491,399.533071895425
FollowBall,1476994569219,441.882802464158,399.533071895425
FollowBall,1476994569250,442.098469130824,399.533071895425
FollowBall,1476994569281,442.314135797491,399.533071895425
FollowBall,1476994569312,442.529802464158,399.533071895425
FollowBall,1476994569344,442.745469130824,399.533071895425
FollowBall,1476994569375,442.961135797491,399.533071895425
FollowBall,1476994569406,443.176802464158,399.533071895425
FollowBall,1476994569438,443.392469130824,399.533071895425
FollowBall,1476994569469,443.608135797491,399.533071895425
FollowBall,1476994569500,443.823802464158,399.533071895425
FollowBall,1476994569531,444.039469130824,399.533071895425
FollowBall,1476994569563,444.255135797491,399.533071895425
FollowBall,1476994569594,444.470802464158,399.533071895425
FollowBall,1476994569625,444.686469130824,399.533071895425
FollowBall,1476994569656,444.902135797491,399.533071895425
FollowBall,1476994569688,445.117802464158,399.533071895425
FollowBall,1476994569719,445.333469130824,399.533071895425
FollowBall,1476994569750,445.549135797491,399.533071895425
FollowBall,1476994569781,445.764802464158,399.533071895425
FollowBall,1476994569813,445.980469130824,399.533071895425
FollowBall,1476994569844,446.196135797491,399.533071895425
FollowBall,1476994569875,446.411802464158,399.533071895425
FollowBall,1476994569906,446.627469130824,399.533071895425
FollowBall,1476994569938,446.843135797491,399.533071895425
FollowBall,1476994569969,447.058802464158,399.533071895425
FollowBall,1476994570000,447.274469130824,399.533071895425
FollowBall,1476994570031,447.490135797491,399.533071895425
FollowBall,1476994570063,447.705802464158,399.533071895425
FollowBall,1476994570094,447.921469130824,399.533071895425
FollowBall,1476994570125,448.137135797491,399.533071895425
FollowBall,1476994570156,448.352802464158,399.533071895425
FollowBall,1476994570188,448.568469130824,399.533071895425
FollowBall,1476994570219,448.784135797491,399.533071895425
FollowBall,1476994570250,448.999802464158,399.533071895425
FollowBall,1476994570281,449.215469130824,399.533071895425
FollowBall,1476994570313,449.431135797491,399.533071895425
FollowBall,1476994570344,449.646802464158,399.533071895425
FollowBall,1476994570375,449.862469130824,399.533071895425
FollowBall,1476994570406,450.078135797491,399.533071895425
FollowBall,1476994570438,450.293802464158,399.533071895425
FollowBall,1476994570469,450.509469130824,399.533071895425
FollowBall,1476994570501,450.725135797491,399.533071895425
FollowBall,1476994570532,450.940802464158,399.533071895425
FollowBall,1476994570563,451.156469130824,399.533071895425
FollowBall,1476994570594,451.372135797491,399.533071895425
FollowBall,1476994570626,451.587802464158,399.533071895425
FollowBall,1476994570657,451.803469130824,399.533071895425
FollowBall,1476994570688,452.019135797491,399.533071895425
FollowBall,1476994570719,452.234802464158,399.533071895425
FollowBall,1476994570751,452.450469130824,399.533071895425
FollowBall,1476994570782,452.666135797491,399.533071895425
FollowBall,1476994570813,452.881802464158,399.533071895425
FollowBall,1476994570844,453.097469130824,399.533071895425
FollowBall,1476994570876,453.313135797491,399.533071895425
FollowBall,1476994570907,453.528802464158,399.533071895425
FollowBall,1476994570938,453.744469130824,399.533071895425
FollowBall,1476994570969,453.960135797491,399.533071895425
FollowBall,1476994571001,454.175802464158,399.533071895425
FollowBall,1476994571032,454.391469130824,399.533071895425
FollowBall,1476994571063,454.607135797491,399.533071895425
FollowBall,1476994571094,454.822802464158,399.533071895425
FollowBall,1476994571126,455.038469130824,399.533071895425
FollowBall,1476994571157,455.254135797491,399.533071895425
FollowBall,1476994571188,455.469802464158,399.533071895425
FollowBall,1476994571219,455.685469130824,399.533071895425
FollowBall,1476994571251,455.901135797491,399.533071895425
FollowBall,1476994571282,456.116802464158,399.533071895425
FollowBall,1476994571313,456.332469130824,399.533071895425
FollowBall,1476994571344,456.548135797491,399.533071895425
FollowBall,1476994571376,456.763802464158,399.533071895425
FollowBall,1476994571407,456.979469130824,399.533071895425
FollowBall,1476994571438,457.195135797491,399.533071895425
FollowBall,1476994571469,457.410802464158,399.533071895425
FollowBall,1476994571501,457.626469130824,399.533071895425
FollowBall,1476994571532,457.842135797491,399.533071895425
FollowBall,1476994571563,458.057802464158,399.533071895425
FollowBall,1476994571594,458.273469130824,399.533071895425
FollowBall,1476994571626,458.489135797491,399.533071895425
FollowBall,1476994571657,458.704802464158,399.533071895425
FollowBall,1476994571688,458.920469130824,399.533071895425
FollowBall,1476994571719,459.136135797491,399.533071895425
FollowBall,1476994571751,459.351802464158,399.533071895425
FollowBall,1476994571782,459.567469130824,399.533071895425
FollowBall,1476994571813,459.783135797491,399.533071895425
FollowBall,1476994571844,459.998802464158,399.533071895425
FollowBall,1476994571876,460.214469130824,399.533071895425
FollowBall,1476994571907,460.430135797491,399.533071895425
FollowBall,1476994571938,460.645802464158,399.533071895425
FollowBall,1476994571969,460.861469130824,399.533071895425
FollowBall,1476994572001,461.077135797491,399.533071895425
FollowBall,1476994572032,461.292802464158,399.533071895425
FollowBall,1476994572064,461.508469130824,399.533071895425
FollowBall,1476994572095,461.724135797491,399.533071895425
FollowBall,1476994572126,461.939802464158,399.533071895425
FollowBall,1476994572157,462.155469130824,399.533071895425
FollowBall,1476994572189,462.371135797491,399.533071895425
FollowBall,1476994572220,462.586802464158,399.533071895425
FollowBall,1476994572251,462.802469130824,399.533071895425
FollowBall,1476994572282,463.018135797491,399.533071895425
FollowBall,1476994572314,463.233802464158,399.533071895425
FollowBall,1476994572345,463.449469130824,399.533071895425
FollowBall,1476994572376,463.665135797491,399.533071895425
FollowBall,1476994572407,463.880802464158,399.533071895425
FollowBall,1476994572439,464.096469130824,399.533071895425
FollowBall,1476994572470,464.312135797491,399.533071895425
FollowBall,1476994572501,464.527802464158,399.533071895425
FollowBall,1476994572533,464.743469130824,399.533071895425
FollowBall,1476994572564,464.959135797491,399.533071895425
FollowBall,1476994572595,465.174802464158,399.533071895425
FollowBall,1476994572626,465.390469130824,399.533071895425
FollowBall,1476994572657,465.606135797491,399.533071895425
FollowBall,1476994572689,465.821802464158,399.533071895425
FollowBall,1476994572720,466.037469130824,399.533071895425
FollowBall,1476994572751,466.253135797491,399.533071895425
FollowBall,1476994572783,466.468802464158,399.533071895425
FollowBall,1476994572814,466.684469130824,399.533071895425
FollowBall,1476994572845,466.900135797491,399.533071895425
FollowBall,1476994572876,467.115802464158,399.533071895425
FollowBall,1476994572908,467.331469130824,399.533071895425
FollowBall,1476994572939,467.547135797491,399.533071895425
FollowBall,1476994572970,467.762802464158,399.533071895425
FollowBall,1476994573001,467.978469130824,399.533071895425
FollowBall,1476994573033,468.194135797491,399.533071895425
FollowBall,1476994573064,468.409802464158,399.533071895425
FollowBall,1476994573095,468.625469130824,399.533071895425
FollowBall,1476994573126,468.841135797491,399.533071895425
FollowBall,1476994573158,469.056802464158,399.533071895425
FollowBall,1476994573189,469.272469130824,399.533071895425
FollowBall,1476994573220,469.488135797491,399.533071895425
FollowBall,1476994573251,469.703802464158,399.533071895425
FollowBall,1476994573283,469.919469130824,399.533071895425
FollowBall,1476994573314,470.135135797491,399.533071895425
FollowBall,1476994573345,470.350802464158,399.533071895425
FollowBall,1476994573376,470.566469130824,399.533071895425
FollowBall,1476994573408,470.782135797491,399.533071895425
FollowBall,1476994573439,470.997802464158,399.533071895425
FollowBall,1476994573470,471.213469130824,399.533071895425
FollowBall,1476994573502,471.429135797491,399.533071895425
FollowBall,1476994573533,471.644802464158,399.533071895425
FollowBall,1476994573564,471.860469130824,399.533071895425
FollowBall,1476994573596,472.076135797491,399.533071895425
FollowBall,1476994573627,472.291802464158,399.533071895425
FollowBall,1476994573658,472.507469130824,399.533071895425
FollowBall,1476994573689,472.723135797491,399.533071895425
FollowBall,1476994573721,472.938802464158,399.533071895425
FollowBall,1476994573752,473.154469130824,399.533071895425
FollowBall,1476994573783,473.370135797491,399.533071895425
FollowBall,1476994573814,473.585802464158,399.533071895425
FollowBall,1476994573846,473.801469130824,399.533071895425
FollowBall,1476994573877,474.017135797491,399.533071895425
FollowBall,1476994573908,474.232802464158,399.533071895425
FollowBall,1476994573939,474.448469130824,399.533071895425
FollowBall,1476994573971,474.664135797491,399.533071895425
FollowBall,1476994574002,474.879802464158,399.533071895425
FollowBall,1476994574033,475.095469130824,399.533071895425
FollowBall,1476994574064,475.311135797491,399.533071895425
FollowBall,1476994574096,475.526802464158,399.533071895425
FollowBall,1476994574127,475.742469130824,399.533071895425
FollowBall,1476994574158,475.958135797491,399.533071895425
FollowBall,1476994574189,476.173802464158,399.533071895425
FollowBall,1476994574221,476.389469130824,399.533071895425
FollowBall,1476994574252,476.605135797491,399.533071895425
FollowBall,1476994574283,476.820802464158,399.533071895425
FollowBall,1476994574314,477.036469130824,399.533071895425
FollowBall,1476994574346,477.252135797491,399.533071895425
FollowBall,1476994574377,477.467802464158,399.533071895425
FollowBall,1476994574408,477.683469130824,399.533071895425
FollowBall,1476994574439,477.899135797491,399.533071895425
FollowBall,1476994574471,478.114802464158,399.533071895425
FollowBall,1476994574502,478.330469130824,399.533071895425
FollowBall,1476994574533,478.546135797491,399.533071895425
FollowBall,1476994574564,478.761802464158,399.533071895425
FollowBall,1476994574596,478.977469130824,399.533071895425
FollowBall,1476994574627,479.193135797491,399.533071895425
FollowBall,1476994574658,479.408802464158,399.533071895425
FollowBall,1476994574689,479.624469130824,399.533071895425
